1,1,209.94,249.59,94.03000000000003,43.01000000000002,1,1,1.0
1,2,119.55,334.15,139.21999999999997,61.23000000000002,1,1,1.0
1,3,731.12,266.35,75.80999999999995,40.099999999999966,1,1,1.0
1,4,553.99,259.79,35.72000000000003,23.329999999999984,1,1,1.0
1,5,2.24,263.66,14.549999999999999,23.95999999999998,1,1,0.0
2,1,209.87,249.59,94.10000000000002,43.01000000000002,1,1,1.0
2,2,96.95,336.33,139.23000000000002,61.23000000000002,1,1,1.0
2,3,718.28,267.21,75.81000000000006,40.09000000000003,1,1,1.0
2,4,549.71,261.51,35.719999999999914,23.319999999999993,1,1,1.0
2,5,3.96,265.37,14.54,23.95999999999998,1,1,0.0
3,1,209.81,249.59,94.16000000000003,43.01000000000002,1,1,1.0
3,2,73.85,340.61,145.25,61.22999999999996,1,1,1.0
3,3,708.87,270.63,75.80999999999995,40.09000000000003,1,1,1.0
3,4,547.14,261.51,35.72000000000003,23.319999999999993,1,1,1.0
3,5,5.67,267.08,14.540000000000001,23.960000000000036,1,1,0.0
4,1,209.75,249.59,94.22000000000003,43.01000000000002,1,1,1.0
4,2,48.18,345.74,145.25,61.23000000000002,1,1,1.0
4,3,694.33,272.34,75.79999999999995,40.09000000000003,1,1,1.0
4,4,544.58,261.5,35.70999999999992,23.329999999999984,1,1,1.0
4,5,10.8,268.79,14.55,23.95999999999998,1,1,0.0
5,1,209.69,249.59,94.28000000000003,43.01000000000002,1,1,1.0
5,2,22.5,350.88,148.7,61.23000000000002,1,1,1.0
5,3,678.9,273.2,79.25,40.09000000000003,1,1,1.0
5,4,537.3,261.08,35.72000000000003,23.319999999999993,1,1,1.0
5,5,14.22,270.51,14.549999999999999,23.960000000000036,1,1,0.0
6,1,209.63,249.59,94.34000000000003,43.01000000000002,1,1,1.0
6,2,0.0,354.3,153.23,61.22999999999996,1,1,1.0
6,3,665.21,273.2,79.25,40.09000000000003,1,1,1.0
6,4,530.03,260.65,35.72000000000003,23.33000000000004,1,1,0.0
6,5,10.92,269.27,21.58,26.430000000000007,1,1,0.0
7,1,209.57,249.59,94.40000000000003,43.01000000000002,1,1,1.0
7,2,0.0,357.72,127.56,61.22999999999996,1,1,1.0
7,3,651.5,279.19,80.13,40.089999999999975,1,1,1.0
7,4,526.61,260.65,35.710000000000036,23.33000000000004,1,1,0.0
7,5,14.22,270.5,21.58,26.439999999999998,1,1,0.0
8,1,209.51,249.59,94.46000000000004,43.01000000000002,1,1,1.0
8,2,0.0,359.4,103.6,64.68,1,1,1.0
8,3,636.95,280.9,80.13,40.09000000000003,1,1,1.0
8,4,520.44,260.65,35.719999999999914,23.33000000000004,1,1,0.0
8,5,17.11,271.33,21.58,26.430000000000007,1,1,0.0
9,1,209.45,249.59,94.52000000000004,43.01000000000002,1,1,1.0
9,2,0.0,362.82,77.07,64.68,1,1,1.0
9,3,623.26,285.18,80.13,40.089999999999975,1,1,1.0
9,4,514.28,260.65,35.72000000000003,23.33000000000004,1,1,0.0
9,5,17.11,272.15,21.58,26.439999999999998,1,1,0.0
10,1,209.39,249.59,94.58000000000004,43.01000000000002,1,1,1.0
10,2,0.0,364.53,56.54,64.69000000000005,1,1,1.0
10,3,607.0,285.18,81.0,40.089999999999975,1,1,1.0
10,4,508.12,260.65,35.72000000000003,23.33000000000004,1,1,0.0
10,5,20.41,272.98,21.580000000000002,26.430000000000007,1,1,1.0
11,1,209.33,249.59,94.64000000000001,43.01000000000002,1,1,1.0
11,2,0.0,364.53,30.01,64.68,1,1,1.0
11,3,589.89,286.03,89.50999999999999,45.27000000000004,1,1,1.0
11,4,501.96,260.65,35.71999999999997,23.33000000000004,1,1,0.0
11,5,22.89,273.39,21.58,26.430000000000007,1,1,1.0
12,1,209.27,249.59,94.70000000000002,43.01000000000002,1,1,1.0
12,3,572.78,286.89,89.50999999999999,45.27000000000004,1,1,1.0
12,4,495.8,260.65,35.71999999999997,23.33000000000004,1,1,1.0
12,5,23.71,273.39,21.58,26.430000000000007,1,1,1.0
13,1,209.21,249.59,94.76000000000002,43.01000000000002,1,1,1.0
13,3,557.37,288.6,89.50999999999999,45.26999999999998,1,1,1.0
13,4,490.67,261.5,35.70999999999998,23.329999999999984,1,1,1.0
13,5,26.19,274.63,21.580000000000002,26.430000000000007,1,1,1.0
14,1,209.15,249.59,94.82000000000002,43.01000000000002,1,1,1.0
14,3,542.83,292.02,89.50999999999999,45.27000000000004,1,1,0.0
14,4,486.39,261.5,35.710000000000036,23.329999999999984,1,1,1.0
14,5,26.6,275.45,21.58,26.439999999999998,1,1,1.0
15,1,209.09,249.59,94.88000000000002,43.01000000000002,1,1,1.0
15,3,526.57,294.59,89.50999999999999,45.26000000000005,1,1,0.0
15,4,482.11,261.5,35.710000000000036,23.329999999999984,1,1,1.0
15,5,27.84,275.87,21.580000000000002,26.430000000000007,1,1,1.0
16,1,209.03,249.59,94.94000000000003,43.01000000000002,1,1,1.0
16,3,512.02,297.15,89.50999999999999,45.27000000000004,1,1,0.0
16,4,473.55,261.5,35.71999999999997,23.329999999999984,1,1,1.0
16,5,27.15,276.0,21.58,26.439999999999998,1,1,1.0
17,1,208.97,249.59,95.00000000000003,43.01000000000002,1,1,1.0
17,3,494.05,300.58,92.05000000000001,45.25999999999999,1,1,0.0
17,4,467.56,262.36,35.71999999999997,23.329999999999984,1,1,1.0
17,5,26.46,276.14,21.58,26.430000000000007,1,1,1.0
18,1,208.91,249.59,95.06000000000003,43.01000000000002,1,1,1.0
18,3,474.37,300.6,97.16999999999996,47.81,1,1,0.0
18,4,458.15,261.5,35.710000000000036,23.329999999999984,1,1,1.0
18,5,25.78,276.28,21.57,26.430000000000007,1,1,1.0
19,1,208.85,249.59,95.12000000000003,43.01000000000002,1,1,1.0
19,3,458.11,304.88,97.17999999999995,47.81,1,1,0.0
19,4,451.3,261.5,35.71999999999997,23.329999999999984,1,1,1.0
19,5,24.54,277.1,21.58,26.439999999999998,1,1,1.0
20,1,208.79,249.59,95.18000000000004,43.01000000000002,1,1,1.0
20,3,441.85,308.3,97.17999999999995,47.81,1,1,1.0
20,4,445.31,262.36,35.71999999999997,23.329999999999984,1,1,1.0
20,5,24.54,277.93,21.58,26.430000000000007,1,1,1.0
21,1,208.73,249.59,95.24000000000004,43.01000000000002,1,1,1.0
21,3,424.74,307.46,97.16999999999996,51.22000000000003,1,1,1.0
21,4,437.61,262.36,35.71999999999997,23.329999999999984,1,1,1.0
21,5,24.13,278.75,21.570000000000004,26.439999999999998,1,1,1.0
22,1,208.67,249.59,95.30000000000004,43.01000000000002,1,1,1.0
22,3,404.2,310.88,103.17000000000002,51.22000000000003,1,1,1.0
22,4,432.47,262.36,35.71999999999997,23.329999999999984,1,1,1.0
22,5,23.3,279.99,21.580000000000002,26.439999999999998,1,1,1.0
23,1,208.6,249.59,95.37000000000003,43.01000000000002,1,1,1.0
23,3,385.38,315.16,107.42000000000002,51.21999999999997,1,1,1.0
23,4,426.48,261.5,35.71999999999997,23.329999999999984,1,1,1.0
23,5,21.24,281.23,21.580000000000002,26.430000000000007,1,1,1.0
24,1,208.54,249.59,95.43000000000004,43.01000000000002,1,1,1.0
24,3,369.97,319.43,107.42999999999995,55.46999999999997,1,1,1.0
24,4,419.64,258.94,35.72000000000003,23.319999999999993,1,1,1.0
24,5,20.41,282.88,21.580000000000002,26.430000000000007,1,1,1.0
25,1,208.48,249.59,95.49000000000004,43.01000000000002,1,1,1.0
25,3,348.58,321.1,107.43,58.10999999999996,1,1,1.0
25,4,414.5,258.94,35.72000000000003,23.319999999999993,1,1,1.0
25,5,18.76,283.71,21.580000000000002,26.430000000000007,1,1,1.0
26,1,208.42,249.59,95.55000000000004,43.01000000000002,1,1,1.0
26,3,326.3,323.67,112.59999999999997,59.829999999999984,1,1,1.0
26,4,409.37,258.94,35.71999999999997,23.319999999999993,1,1,1.0
26,5,17.52,284.94,21.580000000000002,26.439999999999998,1,1,1.0
27,1,208.36,249.59,95.61000000000001,43.01000000000002,1,1,1.0
27,3,310.04,327.09,112.59999999999997,59.83000000000004,1,1,1.0
27,4,405.09,259.79,35.72000000000003,23.329999999999984,1,1,1.0
27,5,14.63,287.01,21.58,26.430000000000007,1,1,1.0
28,1,208.3,249.59,95.67000000000002,43.01000000000002,1,1,1.0
28,3,286.08,330.51,118.62,59.829999999999984,1,1,1.0
28,4,396.63,258.97,35.72000000000003,23.319999999999993,1,1,1.0
28,5,14.22,286.59,21.58,26.430000000000007,1,1,1.0
29,1,208.24,249.59,95.73000000000002,43.01000000000002,1,1,1.0
29,3,265.86,332.58,118.62,59.83000000000004,1,1,1.0
29,4,388.17,258.14,35.71999999999997,23.33000000000004,1,1,1.0
29,5,8.03,286.18,21.58,26.430000000000007,1,1,1.0
30,1,208.18,249.59,95.79000000000002,43.01000000000002,1,1,1.0
30,3,246.63,339.97,118.62,59.829999999999984,1,1,1.0
30,4,383.39,256.71,35.72000000000003,23.319999999999993,1,1,1.0
30,5,6.38,286.59,21.580000000000002,26.430000000000007,1,1,1.0
31,1,208.12,249.59,95.85000000000002,43.01000000000002,1,1,1.0
31,3,223.2,342.8,123.43,59.89999999999998,1,1,1.0
31,4,380.29,256.47,35.71999999999997,23.329999999999984,1,1,1.0
31,5,3.99,288.98,21.58,26.430000000000007,1,1,1.0
32,1,208.06,249.59,95.91000000000003,43.01000000000002,1,1,1.0
32,3,198.88,348.05,127.22000000000003,59.89999999999998,1,1,1.0
32,4,377.19,256.23,35.72000000000003,23.329999999999984,1,1,0.0
32,5,1.61,289.93,21.57,26.439999999999998,1,1,1.0
33,1,208.0,249.59,95.97000000000003,43.01000000000002,1,1,1.0
33,3,176.9,349.96,132.48,64.64000000000004,1,1,1.0
33,4,366.21,251.93,35.710000000000036,23.329999999999984,1,1,0.0
33,5,0.0,288.98,18.89,26.430000000000007,1,1,1.0
34,1,207.99,249.59,95.96999999999997,43.01000000000002,1,1,1.0
34,3,148.73,353.3,142.47,64.63999999999999,1,1,1.0
34,4,362.38,251.93,35.72000000000003,23.329999999999984,1,1,0.0
34,5,0.0,288.98,16.02,26.430000000000007,1,1,1.0
35,1,207.99,249.59,95.95999999999998,43.01000000000002,1,1,1.0
35,3,122.95,354.7,142.47000000000003,70.88,1,1,1.0
35,4,345.67,254.8,35.71999999999997,23.319999999999993,1,1,0.0
35,5,0.0,288.98,13.16,26.430000000000007,1,1,1.0
36,1,207.98,249.59,95.96000000000001,43.01000000000002,1,1,1.0
36,3,100.5,361.38,142.0,70.88,1,1,1.0
36,4,342.16,253.2,35.70999999999998,23.329999999999984,1,1,0.0
36,5,0.0,288.98,10.3,26.430000000000007,1,1,1.0
37,1,207.97,249.59,95.97,43.01000000000002,1,1,1.0
37,3,72.81,366.16,151.59,70.88,1,1,1.0
37,4,338.64,251.6,35.72000000000003,23.330000000000013,1,1,0.0
38,1,207.96,249.59,95.97,43.01000000000002,1,1,1.0
38,3,41.3,370.0,161.60000000000002,74.68,1,1,1.0
38,4,328.14,249.21,35.72000000000003,23.330000000000013,1,1,0.0
39,1,207.96,249.59,95.96000000000001,43.01000000000002,1,1,1.0
39,3,18.38,375.25,156.82,74.68,1,1,1.0
39,4,323.2,249.21,35.72000000000003,23.330000000000013,1,1,0.0
40,1,207.95,249.59,95.97000000000003,43.01000000000002,1,1,1.0
40,3,0.0,379.1,150.4,76.56,1,1,1.0
40,4,318.27,249.21,35.72000000000003,23.330000000000013,1,1,0.0
41,1,207.94,249.59,95.97000000000003,43.01000000000002,1,1,1.0
41,3,0.0,381.01,127.0,76.56,1,1,1.0
41,4,313.34,249.21,35.710000000000036,23.330000000000013,1,1,0.0
42,1,207.93,249.59,95.96999999999997,43.01000000000002,1,1,1.0
42,3,0.0,385.78,98.83,76.56,1,1,1.0
42,4,306.17,254.42,30.5,16.700000000000017,1,1,0.0
43,1,207.93,249.59,95.95999999999998,43.01000000000002,1,1,1.0
43,3,0.0,389.12,76.87,76.56,1,1,1.0
43,4,299.97,253.47,30.489999999999952,16.700000000000017,1,1,0.0
44,1,207.92,249.59,95.97,43.01000000000002,1,1,1.0
44,3,0.0,392.47,50.61,76.54999999999995,1,1,1.0
44,4,293.76,252.51,30.49000000000001,16.69999999999999,1,1,0.0
45,1,207.91,249.59,95.97,43.01000000000002,1,1,1.0
45,3,0.0,399.63,27.69,76.55000000000001,1,1,1.0
45,4,285.64,251.32,30.49000000000001,16.69999999999999,1,1,0.0
46,1,207.91,249.59,95.96000000000001,43.01000000000002,1,1,1.0
46,4,277.53,250.12,30.49000000000001,16.69999999999999,1,1,0.0
47,1,207.9,249.59,95.97,43.01000000000002,1,1,1.0
47,4,268.93,250.12,30.49000000000001,16.69999999999999,1,1,0.0
48,1,207.89,249.59,95.97000000000003,43.01000000000002,1,1,1.0
48,4,263.41,250.12,30.489999999999952,16.69999999999999,1,1,0.0
49,1,207.88,249.59,95.97000000000003,43.01000000000002,1,1,1.0
49,4,257.88,250.12,30.5,16.69999999999999,1,1,0.0
50,1,207.88,249.59,95.95999999999998,43.01000000000002,1,1,1.0
50,4,252.36,250.12,30.49000000000001,16.69999999999999,1,1,0.0
51,1,207.87,249.59,95.96999999999997,43.01000000000002,1,1,1.0
51,4,239.1,251.78,30.48999999999998,16.17999999999998,1,1,0.0
51,6,949.64,228.97,10.360000000000014,52.47999999999999,1,1,1.0
52,1,207.86,249.59,95.96999999999997,43.01000000000002,1,1,1.0
52,4,236.89,251.78,30.49000000000001,16.17999999999998,1,1,0.0
52,6,945.72,228.97,14.279999999999973,52.47999999999999,1,1,1.0
53,1,207.86,249.59,95.95999999999998,43.01000000000002,1,1,1.0
53,4,229.16,251.78,30.48999999999998,16.17999999999998,1,1,0.0
53,6,941.8,228.97,18.200000000000045,52.47999999999999,1,1,1.0
54,1,207.85,249.59,95.96000000000001,43.01000000000002,1,1,1.0
54,4,223.08,252.33,30.48999999999998,16.17999999999998,1,1,0.0
54,6,935.2,228.97,24.799999999999955,59.03,1,1,1.0
55,1,207.84,249.59,95.97,43.01000000000002,1,1,1.0
55,4,215.34,252.33,30.5,16.17999999999998,1,1,0.0
55,6,931.5,228.97,28.5,59.03,1,1,1.0
56,1,207.83,249.59,95.97,43.01000000000002,1,1,1.0
56,4,205.95,253.44,30.49000000000001,16.170000000000016,1,1,0.0
56,6,927.8,228.97,32.200000000000045,61.92999999999998,1,1,1.0
57,1,207.83,249.59,95.96000000000001,43.01000000000002,1,1,1.0
57,4,206.35,252.89,30.49000000000001,16.170000000000016,1,1,0.0
57,6,923.3,228.97,36.700000000000045,61.92999999999998,1,1,1.0
58,1,207.82,249.59,95.97000000000003,43.01000000000002,1,1,1.0
58,4,197.15,252.33,30.48999999999998,16.17999999999998,1,1,0.0
58,6,916.7,228.97,43.299999999999955,65.22999999999999,1,1,1.0
59,1,207.81,249.59,95.96999999999997,43.01000000000002,1,1,1.0
59,4,191.98,253.26,30.49000000000001,16.180000000000007,1,1,0.0
59,6,910.9,228.97,49.10000000000002,65.22999999999999,1,1,1.0
60,1,207.8,249.59,95.96999999999997,43.01000000000002,1,1,1.0
60,4,186.64,251.78,30.49000000000001,16.17999999999998,1,1,0.0
60,6,908.0,228.97,52.0,67.33000000000001,1,1,1.0
61,1,207.8,249.59,95.95999999999998,43.01000000000002,1,1,1.0
61,4,177.98,251.23,30.49000000000001,16.169999999999987,1,1,0.0
61,6,903.5,228.97,56.5,69.42999999999998,1,1,1.0
62,1,207.79,249.59,95.97,43.01000000000002,1,1,1.0
62,4,172.47,251.97,30.49000000000001,16.169999999999987,1,1,0.0
62,6,898.5,228.97,61.5,69.83000000000001,1,1,1.0
63,1,207.78,249.59,95.97,43.01000000000002,1,1,1.0
63,4,163.98,250.12,30.49000000000001,16.180000000000007,1,1,0.0
63,6,894.0,228.97,66.0,69.83000000000001,1,1,1.0
64,1,207.78,249.59,95.96000000000001,43.01000000000002,1,1,1.0
64,4,156.62,250.12,30.49000000000001,16.180000000000007,1,1,0.0
64,6,891.9,228.97,68.10000000000002,69.83000000000001,1,1,1.0
65,1,207.77,249.59,95.97,43.01000000000002,1,1,1.0
65,4,151.38,250.52,30.49000000000001,16.17999999999998,1,1,0.0
65,6,881.2,228.97,78.79999999999995,74.33000000000001,1,1,1.0
66,1,207.76,249.59,95.97000000000003,43.01000000000002,1,1,1.0
66,4,143.64,247.53,30.49000000000001,16.17999999999998,1,1,0.0
66,6,873.8,228.97,86.20000000000005,75.53,1,1,1.0
67,1,207.75,249.59,95.97000000000003,43.01000000000002,1,1,1.0
67,4,135.76,246.14,30.49000000000001,16.180000000000007,1,1,0.0
67,6,866.0,228.97,94.0,76.72999999999999,1,1,1.0
68,1,207.75,249.59,95.95999999999998,43.01000000000002,1,1,1.0
68,4,126.56,245.72,30.49000000000001,16.17999999999998,1,1,0.0
68,6,860.6,228.97,99.39999999999998,78.83000000000001,1,1,1.0
69,1,207.74,249.59,95.96999999999997,43.01000000000002,1,1,1.0
69,4,118.14,246.1,30.489999999999995,16.169999999999987,1,1,0.0
69,6,858.5,230.62,101.5,78.82999999999998,1,1,1.0
70,1,207.73,249.59,95.97,43.01000000000002,1,1,1.0
70,4,115.2,245.7,30.489999999999995,16.180000000000007,1,1,0.0
70,6,851.9,230.62,108.10000000000002,78.82999999999998,1,1,1.0
71,1,207.73,249.59,95.96000000000001,43.01000000000002,1,1,1.0
71,4,106.64,245.7,30.489999999999995,16.180000000000007,1,1,0.0
71,6,841.6,230.62,118.39999999999998,78.82999999999998,1,1,1.0
72,1,207.72,249.59,95.96000000000001,43.01000000000002,1,1,1.0
72,4,101.03,245.15,30.49000000000001,16.169999999999987,1,1,0.0
72,6,833.3,231.45,126.70000000000005,84.65000000000003,1,1,1.0
73,1,207.71,249.59,95.97,43.01000000000002,1,1,1.0
73,4,94.24,244.11,30.49000000000001,16.180000000000007,1,1,0.0
73,6,824.6,231.45,135.39999999999998,84.65000000000003,1,1,1.0
74,1,207.7,249.59,95.97000000000003,43.01000000000002,1,1,1.0
74,4,87.45,243.08,30.489999999999995,16.169999999999987,1,1,0.0
74,6,817.2,231.45,142.79999999999995,84.65000000000003,1,1,1.0
75,1,207.7,249.59,95.96000000000004,43.01000000000002,1,1,1.0
75,4,77.78,242.15,30.489999999999995,16.17999999999998,1,1,0.0
75,6,810.2,231.45,149.79999999999995,90.05000000000001,1,1,1.0
76,1,207.69,249.59,95.97000000000003,43.01000000000002,1,1,1.0
76,4,70.18,241.69,30.489999999999995,16.180000000000007,1,1,0.0
76,6,800.3,231.45,159.70000000000005,92.15000000000003,1,1,1.0
77,1,207.68,249.59,95.96999999999997,43.01000000000002,1,1,1.0
77,4,65.8,242.61,30.5,16.180000000000007,1,1,0.0
77,6,790.4,231.45,169.60000000000002,92.15000000000003,1,1,1.0
78,1,207.67,249.59,95.97,43.01000000000002,1,1,1.0
78,4,58.44,241.92,30.49000000000001,16.180000000000035,1,1,0.0
78,6,783.0,231.45,177.0,94.65000000000003,1,1,1.0
79,1,207.67,249.59,95.96000000000001,43.01000000000002,1,1,1.0
79,4,52.45,241.69,30.489999999999995,16.180000000000007,1,1,0.0
79,6,776.4,234.3,183.60000000000002,91.80000000000001,1,1,1.0
80,1,207.66,249.59,95.97,43.01000000000002,1,1,1.0
80,4,44.16,241.23,30.49000000000001,16.180000000000035,1,1,0.0
80,6,773.1,234.3,176.60000000000002,92.59999999999997,1,1,1.0
81,1,207.65,249.59,95.97,43.01000000000002,1,1,1.0
81,4,35.64,240.31,30.489999999999995,16.180000000000007,1,1,0.0
81,6,768.35,235.95,175.14999999999998,94.25,1,1,1.0
81,7,748.27,259.18,25.170000000000073,28.889999999999986,1,1,0.0
82,1,207.65,249.59,95.96000000000001,43.01000000000002,1,1,1.0
82,4,29.19,240.31,30.49,16.180000000000007,1,1,0.0
82,6,763.61,237.6,173.68999999999994,95.9,1,1,1.0
82,7,740.43,261.66,25.170000000000073,28.879999999999995,1,1,0.0
83,1,207.64,249.59,95.97000000000003,43.01000000000002,1,1,1.0
83,4,21.36,239.85,30.490000000000002,16.17999999999998,1,1,0.0
83,6,753.29,239.66,177.41000000000008,95.9,1,1,1.0
83,7,734.24,262.07,25.16999999999996,28.889999999999986,1,1,0.0
84,1,207.63,249.59,95.97000000000003,43.01000000000002,1,1,1.0
84,4,15.61,237.32,30.490000000000002,16.170000000000016,1,1,0.0
84,6,746.28,239.66,177.39999999999998,95.9,1,1,1.0
84,7,717.73,262.07,28.470000000000027,28.889999999999986,1,1,0.0
85,1,207.62,249.59,95.96999999999997,43.01000000000002,1,1,1.0
85,4,12.15,236.62,30.490000000000002,16.180000000000007,1,1,0.0
85,6,733.48,239.7,186.12,102.47000000000003,1,1,1.0
85,7,708.24,262.07,31.360000000000014,28.889999999999986,1,1,0.0
86,1,207.62,249.59,95.95999999999998,43.01000000000002,1,1,1.0
86,4,4.78,236.86,30.490000000000002,16.169999999999987,1,1,0.0
86,6,725.23,238.88,186.12,102.45999999999998,1,1,1.0
86,7,693.79,262.1,35.49000000000001,31.329999999999984,1,1,0.0
87,1,207.61,249.59,95.96999999999997,43.01000000000002,1,1,1.0
87,4,0.0,236.86,30.44,16.169999999999987,1,1,0.0
87,6,716.16,239.83,189.44000000000005,102.47,1,1,1.0
87,7,688.42,261.69,35.5,31.329999999999984,1,1,0.0
88,1,207.6,249.59,95.97,43.01000000000002,1,1,1.0
88,4,0.0,234.55,23.3,16.17999999999998,1,1,0.0
88,6,704.2,241.3,201.39999999999998,101.0,1,1,1.0
88,7,676.01,262.17,35.5,31.329999999999984,1,1,0.0
89,1,207.6,249.59,95.96000000000001,43.01000000000002,1,1,1.0
89,4,0.0,235.24,18.24,16.17999999999998,1,1,0.0
89,6,694.17,245.1,201.4000000000001,104.83000000000001,1,1,1.0
89,7,661.21,262.17,40.289999999999964,31.329999999999984,1,1,0.0
90,1,207.59,249.59,95.96000000000001,43.01000000000002,1,1,1.0
90,4,0.0,234.78,13.86,16.180000000000007,1,1,0.0
90,6,684.15,246.1,201.39999999999998,105.73999999999998,1,1,1.0
90,7,652.14,263.6,40.289999999999964,34.19,1,1,0.0
91,1,207.58,249.59,95.97,43.01000000000002,1,1,1.0
91,6,676.98,245.62,201.39999999999998,105.75,1,1,1.0
91,7,640.68,263.6,40.29000000000008,34.19,1,1,0.0
92,1,207.57,249.59,95.97000000000003,43.01000000000002,1,1,1.0
92,6,663.61,252.78,208.59000000000003,105.74999999999997,1,1,1.0
92,7,628.26,264.56,40.289999999999964,34.19,1,1,0.0
93,1,207.57,249.59,95.95999999999998,43.01000000000002,1,1,1.0
93,6,655.97,249.92,208.58999999999992,105.74000000000004,1,1,1.0
93,7,615.37,265.03,40.289999999999964,34.200000000000045,1,1,0.0
94,1,207.56,249.59,95.96999999999997,43.01000000000002,1,1,1.0
94,6,646.42,250.9,213.38,111.43999999999997,1,1,1.0
94,7,605.34,266.46,40.299999999999955,34.200000000000045,1,1,0.0
95,1,207.55,249.59,95.96999999999997,43.01000000000002,1,1,1.0
95,6,632.58,252.81,218.12,111.44,1,1,1.0
95,7,592.93,266.46,73.97000000000003,34.200000000000045,1,1,0.0
96,1,207.54,249.59,95.97,43.01000000000002,1,1,1.0
96,6,621.6,252.81,218.12,113.38999999999999,1,1,1.0
96,7,580.51,268.38,77.19000000000005,34.19,1,1,0.0
97,1,207.54,249.59,95.96000000000001,43.01000000000002,1,1,1.0
97,6,607.75,259.49,228.14999999999998,113.38999999999999,1,1,1.0
97,7,565.24,268.38,86.25999999999999,34.19,1,1,0.0
98,1,207.53,249.59,95.97,43.01000000000002,1,1,1.0
98,6,595.34,252.8,232.45999999999992,122.46999999999997,1,1,1.0
98,7,552.34,267.9,90.25999999999999,34.19,1,1,0.0
99,1,207.52,249.59,95.97,43.01000000000002,1,1,1.0
99,6,580.54,255.66,239.16000000000008,122.47,1,1,1.0
99,7,543.75,267.42,90.25,34.19,1,1,0.0
100,1,207.52,249.59,95.96000000000001,43.01000000000002,1,1,1.0
100,6,565.73,258.53,245.87,122.47000000000003,1,1,1.0
100,7,532.29,267.42,89.00999999999999,34.19,1,1,0.0
101,1,207.51,249.59,95.97000000000003,43.01000000000002,1,1,1.0
101,6,558.1,257.57,245.86,122.47000000000003,1,1,1.0
101,7,516.06,267.9,91.04000000000008,34.19,1,1,0.0
102,1,207.5,249.59,95.97000000000003,43.01000000000002,1,1,1.0
102,6,550.93,263.3,245.87,122.46999999999997,1,1,1.0
102,7,497.91,268.85,97.98999999999995,34.19,1,1,0.0
103,1,207.49,249.59,95.96999999999997,43.01000000000002,1,1,1.0
103,6,526.58,262.8,261.62,128.21999999999997,1,1,1.0
103,7,483.11,268.85,100.49000000000001,34.19,1,1,0.0
103,8,714.68,249.73,72.63,12.380000000000024,1,1,0.0
104,1,207.49,249.59,95.95999999999998,43.01000000000002,1,1,1.0
104,6,518.33,265.69,261.62,128.22000000000003,1,1,1.0
104,7,469.49,271.33,102.11000000000001,34.19,1,1,0.0
104,8,709.72,253.03,72.63,12.380000000000024,1,1,0.0
104,9,950.4,225.91,9.600000000000023,43.630000000000024,1,1,1.0
105,1,207.48,249.59,95.97,43.01000000000002,1,1,1.0
105,6,505.12,269.82,261.62,128.22000000000003,1,1,1.0
105,7,457.11,272.15,80.59000000000003,34.19,1,1,0.0
105,8,696.11,252.62,72.62,16.920000000000016,1,1,0.0
105,9,943.0,225.91,17.0,43.630000000000024,1,1,1.0
106,1,207.47,249.59,95.97,43.01000000000002,1,1,1.0
106,6,488.2,268.2,271.90000000000003,133.55,1,1,1.0
106,7,438.13,274.21,95.07000000000005,34.200000000000045,1,1,0.0
106,8,685.38,252.21,72.62,16.919999999999987,1,1,0.0
106,9,939.3,214.8,20.700000000000045,54.74000000000001,1,1,1.0
107,1,207.47,249.59,95.96000000000001,43.01000000000002,1,1,1.0
107,6,477.47,267.79,271.9,133.54999999999995,1,1,1.0
107,7,426.99,274.21,102.11000000000001,34.200000000000045,1,1,0.0
107,8,674.65,251.8,72.63,16.909999999999968,1,1,0.0
107,9,938.6,214.8,21.399999999999977,54.74000000000001,1,1,1.0
108,1,207.46,249.59,95.96000000000001,43.01000000000002,1,1,1.0
108,6,457.25,272.3,283.04999999999995,140.18,1,1,1.0
108,7,412.13,275.04,107.87,34.19,1,1,0.0
108,8,662.68,253.86,72.63,16.91999999999996,1,1,0.0
108,9,934.2,214.8,25.799999999999955,54.74000000000001,1,1,1.0
109,1,207.45,249.59,95.97000000000003,43.01000000000002,1,1,1.0
109,6,440.33,271.9,291.67,147.59000000000003,1,1,1.0
109,7,394.8,275.45,112.0,34.19,1,1,0.0
109,8,647.0,253.86,72.63,16.91999999999996,1,1,0.0
109,9,929.7,214.8,30.299999999999955,54.74000000000001,1,1,1.0
110,1,207.44,249.59,95.97000000000003,43.01000000000002,1,1,1.0
110,6,425.47,273.55,293.3299999999999,147.58999999999997,1,1,1.0
110,7,381.59,275.0,112.01000000000005,38.76999999999998,1,1,0.0
110,8,631.32,255.51,77.17999999999995,16.920000000000016,1,1,0.0
110,9,925.2,214.8,34.799999999999955,54.74000000000001,1,1,1.0
111,1,207.44,249.59,95.95999999999998,43.01000000000002,1,1,1.0
111,6,409.79,277.68,304.00999999999993,147.58999999999997,1,1,1.0
111,7,368.8,275.83,112.39999999999998,37.97000000000003,1,1,0.0
111,8,606.15,255.5,97.85000000000002,21.05000000000001,1,1,0.0
111,9,921.0,214.8,39.0,54.74000000000001,1,1,1.0
112,1,207.43,249.59,95.96999999999997,43.01000000000002,1,1,1.0
112,6,395.3,278.5,306.90000000000003,147.60000000000002,1,1,1.0
112,7,353.95,275.83,113.65000000000003,38.75999999999999,1,1,1.0
112,8,596.65,257.15,97.86000000000001,21.05000000000001,1,1,0.0
112,9,916.2,214.8,43.799999999999955,54.74000000000001,1,1,1.0
113,1,207.42,249.59,95.97,43.01000000000002,1,1,1.0
113,6,377.14,278.09,313.06000000000006,147.59000000000003,1,1,1.0
113,7,338.26,276.65,113.63999999999999,38.77000000000004,1,1,1.0
113,8,585.92,257.6,97.86000000000001,23.899999999999977,1,1,0.0
113,9,912.0,214.8,48.0,54.74000000000001,1,1,1.0
114,1,207.41,249.59,95.97,43.01000000000002,1,1,1.0
114,6,356.51,284.28,326.28999999999996,147.59000000000003,1,1,1.0
114,7,322.58,278.3,121.12,38.76999999999998,1,1,1.0
114,8,567.77,258.84,97.85000000000002,23.900000000000034,1,1,0.0
114,9,907.4,214.8,52.60000000000002,54.74000000000001,1,1,1.0
115,1,207.41,249.59,95.96000000000001,43.01000000000002,1,1,1.0
115,6,336.29,281.8,346.46999999999997,147.59999999999997,1,1,1.0
115,7,313.92,278.71,111.18,38.77000000000004,1,1,1.0
115,8,554.56,259.25,97.86000000000001,23.899999999999977,1,1,0.0
115,9,907.4,214.8,52.60000000000002,58.30000000000001,1,1,1.0
116,1,207.4,249.59,95.97,43.01000000000002,1,1,1.0
116,6,323.5,281.4,332.4,170.28000000000003,1,1,1.0
116,7,297.0,278.71,115.69999999999999,38.77000000000004,1,1,1.0
116,8,541.36,259.66,97.85000000000002,23.909999999999968,1,1,0.0
116,9,899.2,214.8,60.799999999999955,58.30000000000001,1,1,1.0
117,1,207.39,249.59,95.97000000000003,43.01000000000002,1,1,1.0
117,6,304.51,282.64,342.28999999999996,170.28000000000003,1,1,1.0
117,7,277.19,281.6,119.41000000000003,38.76999999999998,1,1,1.0
117,8,526.36,261.44,104.53999999999996,23.910000000000025,1,1,0.0
117,9,893.0,214.8,67.0,59.099999999999966,1,1,1.0
118,1,207.39,249.59,95.96000000000004,43.01000000000002,1,1,1.0
118,6,279.19,288.34,357.60999999999996,170.29000000000002,1,1,1.0
118,7,264.35,281.25,119.40999999999997,38.75999999999999,1,1,1.0
118,8,511.36,263.23,111.24000000000001,23.899999999999977,1,1,0.0
118,9,887.0,214.8,73.0,59.099999999999966,1,1,1.0
119,1,207.38,249.59,95.97000000000003,43.01000000000002,1,1,1.0
119,6,259.38,289.6,366.52,176.09999999999997,1,1,1.0
119,7,252.94,281.96,119.41000000000003,38.77000000000004,1,1,1.0
119,8,491.52,264.51,129.80000000000007,23.900000000000034,1,1,0.0
119,9,882.8,214.8,75.20000000000005,59.099999999999966,1,1,1.0
120,1,207.37,249.59,95.96999999999997,43.01000000000002,1,1,1.0
120,6,239.56,291.5,378.64000000000004,182.51,1,1,1.0
120,7,233.12,283.88,119.40999999999997,38.75999999999999,1,1,1.0
120,8,472.34,263.2,129.8,33.52000000000004,1,1,0.0
120,9,878.62,215.4,75.20000000000005,59.099999999999994,1,1,1.0
121,1,207.36,249.59,95.96999999999997,43.01000000000002,1,1,1.0
121,6,221.66,290.86,378.64,182.51,1,1,1.0
121,7,218.42,283.88,119.41,38.75999999999999,1,1,1.0
121,8,455.09,265.12,129.8,33.51999999999998,1,1,0.0
121,9,874.64,215.99,75.20000000000005,59.099999999999966,1,1,1.0
122,1,207.36,249.59,95.95999999999998,43.01000000000002,1,1,1.0
122,6,199.9,292.14,386.98,182.51,1,1,1.0
122,7,202.44,285.15,119.41000000000003,38.77000000000004,1,1,1.0
122,8,439.75,264.48,129.79999999999995,40.51999999999998,1,1,0.0
122,9,871.46,216.19,75.19999999999993,59.10000000000002,1,1,1.0
123,1,207.35,249.59,95.97,43.01000000000002,1,1,1.0
123,6,170.5,296.0,403.6,193.3,1,1,1.0
123,7,183.26,287.71,119.41000000000003,38.77000000000004,1,1,1.0
123,8,429.52,264.48,129.80000000000007,40.51999999999998,1,1,0.0
123,9,865.88,216.19,75.20000000000005,59.10000000000002,1,1,1.0
124,1,207.34,249.59,95.97,43.01000000000002,1,1,1.0
124,6,149.4,298.56,410.0,197.74,1,1,1.0
124,7,171.12,288.99,119.40999999999997,38.76999999999998,1,1,1.0
124,8,409.7,263.84,129.8,40.52000000000004,1,1,1.0
124,9,858.32,216.39,75.19999999999993,59.10000000000002,1,1,1.0
125,1,207.34,249.59,95.96000000000001,43.01000000000002,1,1,1.0
125,6,122.55,300.47,427.24999999999994,206.72999999999996,1,1,1.0
125,7,151.94,290.91,119.41000000000003,38.75999999999999,1,1,1.0
125,8,401.39,266.39,129.80000000000007,40.53000000000003,1,1,1.0
125,9,851.95,217.19,78.34999999999991,59.10000000000002,1,1,1.0
126,1,207.33,249.59,95.96000000000001,43.01000000000002,1,1,1.0
126,6,90.6,300.47,440.02,215.02999999999997,1,1,1.0
126,7,130.8,290.91,126.49000000000001,38.75999999999999,1,1,1.0
126,8,381.58,267.03,129.8,40.53000000000003,1,1,1.0
126,9,845.78,217.58,78.35000000000002,59.099999999999994,1,1,1.0
127,1,207.32,249.59,95.97000000000003,43.01000000000002,1,1,1.0
127,6,58.0,307.5,459.79999999999995,213.11,1,1,1.0
127,7,114.2,291.5,127.10000000000001,46.48000000000002,1,1,1.0
127,8,376.5,269.59,120.18,40.52000000000004,1,1,1.0
127,9,841.41,218.98,78.34000000000003,59.099999999999994,1,1,1.0
128,1,207.31,249.59,95.96999999999997,43.01000000000002,1,1,1.0
128,6,41.38,309.42,459.8,223.37999999999994,1,1,1.0
128,7,96.3,293.42,127.10000000000001,46.47999999999996,1,1,1.0
128,8,359.24,270.87,120.18,40.51999999999998,1,1,1.0
128,9,833.05,219.77,83.55000000000007,59.099999999999994,1,1,1.0
129,1,207.31,249.59,95.95999999999998,43.01000000000002,1,1,1.0
129,6,22.21,311.33,459.8,223.39000000000004,1,1,1.0
129,7,79.68,294.06,127.1,46.48000000000002,1,1,1.0
129,8,343.26,270.87,120.18,40.51999999999998,1,1,1.0
129,9,824.49,220.77,87.71000000000004,59.099999999999994,1,1,1.0
130,1,207.3,249.59,95.96999999999997,43.01000000000002,1,1,1.0
130,6,9.42,312.61,459.8,223.38,1,1,1.0
130,7,59.23,295.34,127.10000000000002,46.48000000000002,1,1,1.0
130,8,331.76,271.51,120.17000000000002,40.51999999999998,1,1,1.0
130,9,818.12,220.77,87.71000000000004,59.099999999999994,1,1,1.0
131,1,207.29,249.59,95.97,43.01000000000002,1,1,1.0
131,6,0.0,317.72,456.44,222.27999999999997,1,1,1.0
131,7,45.17,297.89,127.10000000000001,46.49000000000001,1,1,1.0
131,8,315.78,269.6,120.17000000000002,48.81999999999999,1,1,1.0
131,9,813.54,220.97,87.71000000000004,59.099999999999994,1,1,1.0
132,1,207.28,249.59,95.97,43.01000000000002,1,1,1.0
132,6,0.0,319.0,441.74,221.0,1,1,1.0
132,7,28.55,299.17,127.10000000000001,46.47999999999996,1,1,1.0
132,8,301.1,270.88,123.34999999999997,48.81999999999999,1,1,1.0
132,9,807.37,222.16,87.71000000000004,59.099999999999994,1,1,1.0
133,1,207.28,249.59,95.96000000000001,43.01000000000002,1,1,1.0
133,6,0.0,322.2,421.28,217.8,1,1,1.0
133,7,13.21,299.17,127.1,46.47999999999996,1,1,1.0
133,8,286.4,272.8,123.35000000000002,48.81999999999999,1,1,1.0
133,9,801.6,222.56,87.70999999999992,59.10000000000002,1,1,1.0
134,1,207.27,249.59,95.97,43.01000000000002,1,1,1.0
134,6,0.0,325.39,405.94,214.61,1,1,1.0
134,7,0.0,299.81,120.49,46.48000000000002,1,1,1.0
134,8,272.34,274.08,123.34000000000003,48.81999999999999,1,1,1.0
134,9,793.44,223.16,87.70999999999992,59.099999999999994,1,1,1.0
135,1,207.26,249.59,95.97000000000003,43.01000000000002,1,1,1.0
135,6,0.64,328.59,386.76,211.41000000000003,1,1,1.0
135,7,0.0,300.45,103.23,46.48000000000002,1,1,1.0
135,8,253.8,274.71,123.34999999999997,48.81999999999999,1,1,1.0
135,9,785.08,223.6,92.51999999999998,61.03999999999999,1,1,1.0
135,10,688.91,519.52,102.91000000000008,20.480000000000018,1,1,1.0
136,1,207.26,249.59,95.96000000000004,43.01000000000002,1,1,1.0
136,6,0.0,331.15,369.51,208.85000000000002,1,1,1.0
136,7,0.0,300.45,83.42,46.48000000000002,1,1,1.0
136,8,236.54,276.63,125.26000000000002,48.81999999999999,1,1,1.0
136,9,777.72,223.6,92.51999999999998,61.03999999999999,1,1,1.0
136,10,688.91,513.1,122.09000000000003,26.899999999999977,1,1,1.0
137,1,207.25,249.59,95.97000000000003,43.01000000000002,1,1,1.0
137,6,0.0,334.98,345.22,205.01999999999998,1,1,1.0
137,7,0.0,301.09,64.88,46.48000000000002,1,1,1.0
137,8,221.2,276.63,125.25999999999999,48.81999999999999,1,1,1.0
137,9,771.15,224.0,92.51999999999998,61.04000000000002,1,1,1.0
137,10,703.6,508.6,126.60000000000002,31.399999999999977,1,1,1.0
138,1,207.24,249.59,95.96999999999997,43.01000000000002,1,1,1.0
138,6,0.0,340.11,334.09,199.89,1,1,1.0
138,7,0.0,301.94,47.77,46.49000000000001,1,1,1.0
138,8,204.94,277.49,125.25999999999999,48.81999999999999,1,1,1.0
138,9,765.98,224.59,92.50999999999999,61.04999999999998,1,1,1.0
138,10,709.6,502.6,134.29999999999995,37.39999999999998,1,1,1.0
139,1,207.23,249.59,95.97,43.01000000000002,1,1,1.0
139,6,0.0,340.97,312.7,199.02999999999997,1,1,1.0
139,7,0.0,304.51,27.23,46.48000000000002,1,1,1.0
139,8,194.68,279.2,125.25,48.81999999999999,1,1,1.0
139,9,760.01,224.39,92.50999999999999,61.05000000000001,1,1,1.0
139,10,715.6,496.6,142.0,43.39999999999998,1,1,1.0
140,1,207.23,249.59,95.96000000000001,43.01000000000002,1,1,1.0
140,6,0.0,345.25,292.16,194.75,1,1,1.0
140,8,168.15,280.91,133.85,48.81999999999999,1,1,1.0
140,9,750.3,225.79,97.05000000000007,61.03999999999999,1,1,1.0
140,10,727.6,488.8,137.39999999999998,51.19999999999999,1,1,1.0
141,1,207.22,249.59,95.97,43.01000000000002,1,1,1.0
141,6,0.0,351.24,269.06,188.76,1,1,1.0
141,8,153.6,283.48,133.85,48.81999999999999,1,1,1.0
141,9,743.45,227.5,97.04999999999995,61.04000000000002,1,1,1.0
141,10,727.6,487.1,144.0,52.89999999999998,1,1,1.0
142,1,207.21,249.59,95.97,43.01000000000002,1,1,1.0
142,6,0.0,355.07,248.61,184.93,1,1,1.0
142,8,135.71,284.12,133.85,48.81999999999999,1,1,1.0
142,9,737.06,225.6,97.05000000000007,64.22,1,1,1.0
142,10,727.6,480.1,151.79999999999995,59.89999999999998,1,1,1.0
143,1,207.21,249.59,95.96000000000001,43.01000000000002,1,1,1.0
143,6,0.0,357.63,224.32,182.37,1,1,1.0
143,8,119.08,286.67,133.86,48.81999999999999,1,1,1.0
143,9,728.75,226.88,97.04999999999995,64.22000000000003,1,1,1.0
143,10,752.7,473.9,134.5,66.10000000000002,1,1,1.0
144,1,207.2,249.59,95.96000000000004,43.01000000000002,1,1,1.0
144,6,0.0,359.55,202.58,180.45,1,1,1.0
144,8,102.47,287.31,133.85,48.81999999999999,1,1,1.0
144,9,719.84,227.95,102.05999999999995,64.22000000000003,1,1,1.0
144,10,765.1,469.8,130.39999999999998,70.19999999999999,1,1,1.0
145,1,207.19,249.59,95.97000000000003,43.01000000000002,1,1,1.0
145,6,0.0,364.66,175.74,175.33999999999997,1,1,1.0
145,8,85.21,286.67,133.85000000000002,48.81999999999999,1,1,1.0
145,9,710.56,226.52,102.07000000000005,64.22,1,1,1.0
145,10,775.0,462.4,129.60000000000002,77.60000000000002,1,1,1.0
146,1,207.18,249.59,95.96999999999997,43.01000000000002,1,1,1.0
146,6,0.0,370.41,150.17,169.58999999999997,1,1,1.0
146,8,67.95,289.23,133.85000000000002,53.96999999999997,1,1,1.0
146,9,702.36,227.24,102.05999999999995,64.21999999999997,1,1,1.0
146,10,785.7,455.4,125.5,84.60000000000002,1,1,1.0
147,1,207.18,249.59,95.95999999999998,43.01000000000002,1,1,1.0
147,6,0.0,376.81,125.88,163.19,1,1,1.0
147,8,53.25,289.23,133.85,53.96999999999997,1,1,1.0
147,9,694.16,227.95,102.06000000000006,64.22000000000003,1,1,1.0
147,10,785.7,455.4,131.29999999999995,84.60000000000002,1,1,1.0
148,1,207.17,249.59,95.97,43.01000000000002,1,1,1.0
148,6,0.0,380.0,99.68,160.0,1,1,1.0
148,8,35.35,289.87,133.85,53.96999999999997,1,1,1.0
148,9,683.81,228.3,107.3900000000001,64.22999999999996,1,1,1.0
148,10,803.4,450.4,120.60000000000002,86.70000000000005,1,1,1.0
149,1,207.16,249.59,95.97,43.01000000000002,1,1,1.0
149,6,0.0,386.39,79.86,153.61,1,1,1.0
149,8,12.3,291.79,140.92,53.96999999999997,1,1,1.0
149,9,675.97,229.02,107.38,64.22,1,1,1.0
149,10,813.3,444.6,120.60000000000002,88.39999999999998,1,1,1.0
150,1,207.15,249.59,95.97,43.01000000000002,1,1,1.0
150,6,0.0,390.87,44.07,149.13,1,1,1.0
150,8,0.0,292.42,135.96,53.96999999999997,1,1,1.0
150,9,668.48,229.02,107.38999999999999,64.22,1,1,1.0
150,10,821.6,442.1,117.69999999999993,85.10000000000002,1,1,1.0
151,1,207.15,249.59,95.96000000000001,43.01000000000002,1,1,1.0
151,8,0.0,293.06,119.98,53.96999999999997,1,1,1.0
151,9,658.49,229.04,107.38999999999999,67.77000000000001,1,1,1.0
151,10,827.8,437.6,116.0,84.60000000000002,1,1,1.0
152,1,207.14,249.59,95.97000000000003,43.01000000000002,1,1,1.0
152,8,0.0,293.7,102.73,53.97000000000003,1,1,1.0
152,9,651.71,228.68,107.38999999999999,67.76999999999998,1,1,1.0
152,10,836.5,431.8,116.0,86.69999999999999,1,1,1.0
153,1,207.13,249.59,95.97000000000003,43.01000000000002,1,1,1.0
153,8,0.0,295.62,85.47,53.96999999999997,1,1,1.0
153,9,635.66,229.75,118.80000000000007,67.76999999999998,1,1,1.0
153,10,843.9,430.1,112.30000000000007,85.5,1,1,1.0
154,1,207.13,249.59,95.95999999999998,43.01000000000002,1,1,1.0
154,8,0.0,295.62,66.29,53.96999999999997,1,1,1.0
154,9,627.82,230.11,118.79999999999995,67.76999999999998,1,1,1.0
154,10,853.4,425.1,106.60000000000002,82.69999999999999,1,1,1.0
155,1,207.12,249.59,95.95999999999998,43.01000000000002,1,1,1.0
155,8,0.0,298.18,49.67,53.96999999999997,1,1,1.0
155,9,618.54,230.47,118.80000000000007,67.76000000000002,1,1,1.0
155,10,861.7,418.9,98.29999999999995,81.90000000000003,1,1,1.0
156,1,207.11,249.59,95.96999999999997,43.01000000000002,1,1,1.0
156,8,0.0,298.82,31.78,53.97000000000003,1,1,1.0
156,9,608.56,230.82,118.80000000000007,67.76999999999998,1,1,1.0
156,10,869.1,416.0,90.89999999999998,81.10000000000002,1,1,1.0
157,1,207.1,249.59,95.97,43.01000000000002,1,1,1.0
157,8,0.0,300.09,17.71,53.97000000000003,1,1,1.0
157,9,598.93,230.82,118.80000000000007,67.76999999999998,1,1,1.0
157,10,875.72,414.76,84.27999999999997,76.94,1,1,1.0
158,1,207.1,249.59,95.96000000000001,43.01000000000002,1,1,1.0
158,9,590.37,231.18,118.79999999999995,67.75999999999999,1,1,1.0
158,10,881.5,410.2,78.5,78.19999999999999,1,1,1.0
159,1,207.09,249.59,95.97,43.01000000000002,1,1,1.0
159,9,583.95,231.53,118.79999999999995,67.77000000000001,1,1,1.0
159,10,887.3,410.2,72.70000000000005,70.80000000000001,1,1,1.0
160,1,207.08,249.59,95.97,43.01000000000002,1,1,1.0
160,9,575.39,231.18,118.80000000000007,67.75999999999999,1,1,1.0
160,10,894.7,403.6,65.29999999999995,73.69999999999999,1,1,1.0
161,1,207.08,249.59,95.96000000000001,43.01000000000002,1,1,1.0
161,9,556.84,231.9,124.13999999999999,70.60999999999999,1,1,1.0
161,10,900.5,403.6,59.5,67.89999999999998,1,1,1.0
162,1,207.07,249.59,95.95999999999998,43.01000000000002,1,1,1.0
162,9,548.28,232.26,124.13999999999999,70.61000000000001,1,1,1.0
162,10,908.8,397.4,51.200000000000045,70.80000000000001,1,1,1.0
163,1,207.06,249.59,95.96999999999997,43.01000000000002,1,1,1.0
163,9,541.86,231.54,124.13999999999999,70.60999999999999,1,1,1.0
163,10,913.35,394.1,46.64999999999998,70.39999999999998,1,1,1.0
164,1,207.05,249.59,95.96999999999997,43.01000000000002,1,1,1.0
164,9,532.23,232.25,124.13999999999999,70.61000000000001,1,1,1.0
164,10,917.9,390.8,42.10000000000002,70.0,1,1,1.0
165,1,207.05,249.59,95.95999999999998,43.01000000000002,1,1,1.0
165,9,520.46,232.97,124.13999999999999,70.60999999999999,1,1,1.0
165,10,923.7,390.8,36.299999999999955,63.39999999999998,1,1,1.0
166,1,207.04,249.59,95.97,43.01000000000002,1,1,1.0
166,9,509.4,233.33,124.13999999999999,70.60999999999999,1,1,1.0
166,10,929.1,386.7,30.899999999999977,63.0,1,1,1.0
167,1,207.03,249.59,95.97,43.01000000000002,1,1,1.0
167,9,495.14,233.68,124.13,70.61000000000001,1,1,1.0
167,10,932.8,380.9,27.200000000000045,68.80000000000001,1,1,1.0
168,1,207.02,249.59,95.97,43.01000000000002,1,1,1.0
168,9,484.44,235.11,124.13000000000005,70.61000000000001,1,1,1.0
168,10,939.8,380.9,20.200000000000045,62.200000000000045,1,1,1.0
169,1,207.02,249.59,95.96000000000001,43.01000000000002,1,1,1.0
169,9,470.9,236.18,131.97000000000003,70.61000000000001,1,1,1.0
169,10,944.8,380.9,15.200000000000045,62.200000000000045,1,1,1.0
170,1,207.01,249.59,95.97000000000003,43.01000000000002,1,1,1.0
170,9,455.9,237.6,137.70000000000005,70.60999999999999,1,1,1.0
170,10,951.02,390.4,8.980000000000018,42.34000000000003,1,1,1.0
171,1,207.0,249.59,95.97000000000003,43.01000000000002,1,1,1.0
171,9,446.53,238.6,137.70000000000005,75.6,1,1,1.0
172,1,207.0,249.59,95.95999999999998,43.01000000000002,1,1,1.0
172,9,436.64,237.96,137.70000000000005,70.60999999999999,1,1,1.0
173,1,206.99,249.59,95.95999999999998,43.01000000000002,1,1,1.0
173,9,423.38,238.51,137.70000000000005,70.61000000000001,1,1,1.0
174,1,206.98,249.59,95.97,43.01000000000002,1,1,1.0
174,9,409.69,237.66,137.7,76.14000000000001,1,1,1.0
175,1,206.97,249.59,95.97,43.01000000000002,1,1,1.0
175,9,405.27,238.76,137.70000000000005,76.15000000000003,1,1,1.0
176,1,206.97,249.59,95.96000000000001,43.01000000000002,1,1,1.0
176,9,389.8,239.87,137.7,76.13999999999999,1,1,1.0
177,1,206.96,249.59,95.97,43.01000000000002,1,1,1.0
177,9,377.1,240.97,137.69999999999993,76.14000000000001,1,1,1.0
178,1,206.95,249.59,95.97000000000003,43.01000000000002,1,1,1.0
178,9,369.92,240.97,137.69,76.14000000000001,1,1,1.0
179,1,206.95,249.59,95.96000000000004,43.01000000000002,1,1,1.0
179,9,357.76,240.97,137.7,76.14000000000001,1,1,1.0
180,1,206.94,249.59,95.95999999999998,43.01000000000002,1,1,1.0
180,9,344.5,240.97,142.67000000000002,76.14000000000001,1,1,1.0
181,1,206.93,249.59,95.96999999999997,43.01000000000002,1,1,1.0
181,9,330.09,241.52,146.59000000000003,76.15,1,1,1.0
182,1,206.92,249.59,95.97,43.01000000000002,1,1,1.0
182,9,319.04,241.52,146.58999999999997,76.15,1,1,1.0
183,1,206.92,249.59,95.96000000000001,43.01000000000002,1,1,1.0
183,9,306.34,241.52,146.58000000000004,76.15,1,1,1.0
184,1,206.91,249.59,95.97,43.01000000000002,1,1,1.0
184,9,300.26,241.52,146.57999999999998,76.15,1,1,1.0
185,1,206.9,249.59,95.97,43.01000000000002,1,1,1.0
185,9,290.87,242.08,146.57999999999998,76.14000000000001,1,1,1.0
186,1,206.89,249.59,95.97000000000003,43.01000000000002,1,1,1.0
186,9,277.6,243.18,150.45999999999998,76.14999999999998,1,1,1.0
187,1,206.89,249.59,95.97000000000003,43.01000000000002,1,1,1.0
187,9,264.9,243.73,146.59000000000003,76.15,1,1,1.0
188,1,206.89,249.59,95.97000000000003,43.01000000000002,1,1,0.0
188,9,250.0,243.73,161.49,76.15,1,1,1.0
189,1,206.89,250.39,95.44,42.210000000000036,1,1,0.0
189,9,231.77,246.5,157.03,76.13999999999999,1,1,1.0
190,1,206.89,251.2,94.91000000000003,41.400000000000034,1,1,0.0
190,9,224.59,244.84,161.48999999999998,83.35999999999999,1,1,1.0
